{
    "0": [
        [
            1.0,
            0.6744862058964188,
            0.18415277938000296,
            -0.37090191070749906,
            0.1536808066593361,
            0.8185403945044538,
            0.21646240721819415
        ],
        [
            0.6744862058964188,
            1.0,
            -0.20102351916195987,
            -0.2960665168776682,
            0.4953490157844914,
            0.8648415652311991,
            0.5669576044895471
        ],
        [
            0.18415277938000296,
            -0.20102351916195987,
            1.0,
            0.17854781231509453,
            -0.9352834063651421,
            -0.04976019757862846,
            -0.9004569889611344
        ],
        [
            -0.37090191070749906,
            -0.2960665168776682,
            0.17854781231509453,
            1.0,
            -0.2752417662064602,
            -0.458885191271648,
            -0.28964061926643564
        ],
        [
            0.1536808066593361,
            0.4953490157844914,
            -0.9352834063651421,
            -0.2752417662064602,
            0.9999999999999998,
            0.3445415990963979,
            0.9887064450623049
        ],
        [
            0.8185403945044538,
            0.8648415652311991,
            -0.04976019757862846,
            -0.458885191271648,
            0.3445415990963979,
            1.0,
            0.4470987993772056
        ],
        [
            0.21646240721819415,
            0.5669576044895471,
            -0.9004569889611344,
            -0.28964061926643564,
            0.9887064450623049,
            0.4470987993772056,
            1.0
        ]
    ],
    "1": [
        [
            0.9999999999999999,
            0.6570038082266972,
            -0.46161415541343775,
            -0.4524912393854502,
            0.5844924753571731,
            0.9309825523906504,
            0.5970433130374313
        ],
        [
            0.6570038082266972,
            1.0,
            -0.3860736052733249,
            -0.12723484937604085,
            0.42156033009267446,
            0.5524872897372671,
            0.4195023826532818
        ],
        [
            -0.46161415541343775,
            -0.3860736052733249,
            1.0,
            0.1964707587173997,
            -0.9529302234596677,
            -0.42430423448686905,
            -0.9359236193073832
        ],
        [
            -0.4524912393854502,
            -0.12723484937604085,
            0.1964707587173997,
            1.0,
            -0.2082936921450395,
            -0.47595958639682484,
            -0.23155122658394803
        ],
        [
            0.5844924753571731,
            0.42156033009267446,
            -0.9529302234596677,
            -0.2082936921450395,
            1.0,
            0.6158062220006766,
            0.9874106332099719
        ],
        [
            0.9309825523906504,
            0.5524872897372671,
            -0.42430423448686905,
            -0.47595958639682484,
            0.6158062220006766,
            0.9999999999999999,
            0.6520453235565277
        ],
        [
            0.5970433130374313,
            0.4195023826532818,
            -0.9359236193073832,
            -0.23155122658394803,
            0.9874106332099719,
            0.6520453235565277,
            1.0
        ]
    ],
    "2": [
        [
            1.0,
            0.7274664253295333,
            0.06791831657526026,
            -0.3652217015325365,
            -0.3512221048008476,
            0.9002749154751127,
            0.3764653246228895
        ],
        [
            0.7274664253295333,
            1.0,
            -0.36624861020419236,
            -0.41373770059462234,
            -0.6098230060309762,
            0.8546658120933716,
            0.6219978401841345
        ],
        [
            0.06791831657526026,
            -0.36624861020419236,
            0.9999999999999999,
            0.13588901566131714,
            0.8902306682623994,
            -0.24549114240565623,
            -0.878482560211898
        ],
        [
            -0.3652217015325365,
            -0.41373770059462234,
            0.13588901566131714,
            0.9999999999999999,
            0.2700364303970667,
            -0.3300986929290156,
            -0.2770158233917889
        ],
        [
            -0.3512221048008476,
            -0.6098230060309762,
            0.8902306682623994,
            0.2700364303970667,
            1.0,
            -0.566573160816737,
            -0.9996175039467262
        ],
        [
            0.9002749154751127,
            0.8546658120933716,
            -0.24549114240565623,
            -0.3300986929290156,
            -0.566573160816737,
            1.0,
            0.5866574186866416
        ],
        [
            0.3764653246228895,
            0.6219978401841345,
            -0.878482560211898,
            -0.2770158233917889,
            -0.9996175039467262,
            0.5866574186866416,
            0.9999999999999998
        ]
    ],
    "3": [
        [
            1.0,
            0.18725053541503336,
            -0.8892312477077152,
            -0.7792081095935791,
            -0.9183783508805352,
            0.7454639146143709,
            0.9315818960983052
        ],
        [
            0.18725053541503336,
            1.0,
            -0.19873602397091059,
            0.0721100333406844,
            -0.21739530064768303,
            -0.29468416727889174,
            0.17878662896931385
        ],
        [
            -0.8892312477077152,
            -0.19873602397091059,
            1.0,
            0.5689842729833136,
            0.9749398775020353,
            -0.44403902527558453,
            -0.9942406598682482
        ],
        [
            -0.7792081095935791,
            0.0721100333406844,
            0.5689842729833136,
            1.0,
            0.5568175034438504,
            -0.860353297138974,
            -0.6286623016183188
        ],
        [
            -0.9183783508805352,
            -0.21739530064768303,
            0.9749398775020353,
            0.5568175034438504,
            1.0,
            -0.47672654483051813,
            -0.9831862440165887
        ],
        [
            0.7454639146143709,
            -0.29468416727889174,
            -0.44403902527558453,
            -0.860353297138974,
            -0.47672654483051813,
            0.9999999999999999,
            0.5283685896175222
        ],
        [
            0.9315818960983052,
            0.17878662896931385,
            -0.9942406598682482,
            -0.6286623016183188,
            -0.9831862440165887,
            0.5283685896175222,
            1.0
        ]
    ],
    "4": [
        [
            1.0,
            0.5554307269570431,
            0.21787291005627182,
            -0.36030615065685395,
            0.2666735715487263,
            0.975658640696375,
            0.2755934643231933
        ],
        [
            0.5554307269570431,
            1.0,
            -0.6326479859613057,
            -0.307922141719129,
            0.9008834193243405,
            0.692598019417012,
            0.9028342956611516
        ],
        [
            0.21787291005627182,
            -0.6326479859613057,
            1.0,
            0.12935826810590492,
            -0.8724131673835867,
            0.049614629902308034,
            -0.8666995251860706
        ],
        [
            -0.36030615065685395,
            -0.307922141719129,
            0.12935826810590492,
            1.0,
            -0.28047301636025673,
            -0.42427146627993706,
            -0.2833048949469895
        ],
        [
            0.2666735715487263,
            0.9008834193243405,
            -0.8724131673835867,
            -0.28047301636025673,
            0.9999999999999998,
            0.4264990636094413,
            0.9998644492297479
        ],
        [
            0.975658640696375,
            0.692598019417012,
            0.049614629902308034,
            -0.42427146627993706,
            0.4264990636094413,
            1.0,
            0.4345808381592657
        ],
        [
            0.2755934643231933,
            0.9028342956611516,
            -0.8666995251860706,
            -0.2833048949469895,
            0.9998644492297479,
            0.4345808381592657,
            1.0
        ]
    ],
    "5": [
        [
            1.0,
            0.3274140895434954,
            0.018925587589018567,
            -0.4953660284772309,
            0.04110783344907141,
            0.7524367824427375,
            0.04565173520751514
        ],
        [
            0.3274140895434954,
            1.0,
            -0.2123722005241562,
            0.09545427095354574,
            0.21769420643764026,
            -0.07869645024042664,
            0.23877081878523002
        ],
        [
            0.018925587589018567,
            -0.2123722005241562,
            1.0,
            0.1820225462791868,
            -0.9945751473831949,
            -0.008207038750816886,
            -0.8930317228867541
        ],
        [
            -0.4953660284772309,
            0.09545427095354574,
            0.1820225462791868,
            1.0,
            -0.22888587969184873,
            -0.6638951160179886,
            -0.22568006659347387
        ],
        [
            0.04110783344907141,
            0.21769420643764026,
            -0.9945751473831949,
            -0.22888587969184873,
            1.0,
            0.060753594042038485,
            0.8908902301227186
        ],
        [
            0.7524367824427375,
            -0.07869645024042664,
            -0.008207038750816886,
            -0.6638951160179886,
            0.060753594042038485,
            1.0,
            0.19107808352987676
        ],
        [
            0.04565173520751514,
            0.23877081878523002,
            -0.8930317228867541,
            -0.22568006659347387,
            0.8908902301227186,
            0.19107808352987676,
            0.9999999999999998
        ]
    ],
    "6": [
        [
            0.9999999999999999,
            0.5703418704362647,
            -0.01084227793755358,
            -0.45040441034509504,
            0.06511114824065478,
            0.7921875968231741,
            0.09189431878982994
        ],
        [
            0.5703418704362647,
            1.0,
            -0.028562077466073053,
            -0.15593351308666095,
            0.05669335800099009,
            0.45199807266864395,
            0.026584074278289887
        ],
        [
            -0.01084227793755358,
            -0.028562077466073053,
            1.0,
            0.1792318735193434,
            -0.9953204514657737,
            0.01592283801379457,
            -0.918355979906963
        ],
        [
            -0.45040441034509504,
            -0.15593351308666095,
            0.1792318735193434,
            1.0,
            -0.19673852438015108,
            -0.47868335703133363,
            -0.23592343707382613
        ],
        [
            0.06511114824065478,
            0.05669335800099009,
            -0.9953204514657737,
            -0.19673852438015108,
            1.0,
            0.04386416382705603,
            0.9102654010380935
        ],
        [
            0.7921875968231741,
            0.45199807266864395,
            0.01592283801379457,
            -0.47868335703133363,
            0.04386416382705603,
            1.0,
            0.19477981700898717
        ],
        [
            0.09189431878982994,
            0.026584074278289887,
            -0.918355979906963,
            -0.23592343707382613,
            0.9102654010380935,
            0.19477981700898717,
            0.9999999999999998
        ]
    ],
    "7": [
        [
            0.9999999999999999,
            0.5520659388076216,
            -0.8741134903829475,
            -0.4321559646829857,
            -0.07280531321014301,
            0.9210435594143026,
            0.9060387256444038
        ],
        [
            0.5520659388076216,
            1.0,
            -0.3601781317144721,
            -0.015410367989895719,
            -0.10273465850792209,
            0.5280832117463279,
            0.37592142839921106
        ],
        [
            -0.8741134903829475,
            -0.3601781317144721,
            1.0,
            0.26344045793774634,
            0.24380182680604393,
            -0.6590428163160461,
            -0.9859382932293825
        ],
        [
            -0.4321559646829857,
            -0.015410367989895719,
            0.26344045793774634,
            1.0,
            0.008692461227168035,
            -0.41337442001947183,
            -0.2771774661522836
        ],
        [
            -0.07280531321014301,
            -0.10273465850792209,
            0.24380182680604393,
            0.008692461227168035,
            1.0,
            0.12747658251989039,
            -0.09247668703269372
        ],
        [
            0.9210435594143026,
            0.5280832117463279,
            -0.6590428163160461,
            -0.41337442001947183,
            0.12747658251989039,
            1.0,
            0.7302072784037287
        ],
        [
            0.9060387256444038,
            0.37592142839921106,
            -0.9859382932293825,
            -0.2771774661522836,
            -0.09247668703269372,
            0.7302072784037287,
            1.0
        ]
    ],
    "8": [
        [
            1.0,
            0.268892926140067,
            -0.3217070234859296,
            -0.5104575561905694,
            0.19776385513723316,
            0.8752529694066287,
            0.39929710370299626
        ],
        [
            0.268892926140067,
            1.0,
            -0.3547858896155926,
            0.07332580958315156,
            0.28986003837985236,
            0.0908215263541392,
            0.3493809196096034
        ],
        [
            -0.3217070234859296,
            -0.3547858896155926,
            1.0,
            0.23750439590539935,
            -0.7310229279680936,
            -0.4865423481602025,
            -0.9719339693371757
        ],
        [
            -0.5104575561905694,
            0.07332580958315156,
            0.23750439590539935,
            1.0,
            -0.16509991676805924,
            -0.6015600095945,
            -0.27087509917916325
        ],
        [
            0.19776385513723316,
            0.28986003837985236,
            -0.7310229279680936,
            -0.16509991676805924,
            0.9999999999999999,
            0.19896505278048937,
            0.5599364651419043
        ],
        [
            0.8752529694066287,
            0.0908215263541392,
            -0.4865423481602025,
            -0.6015600095945,
            0.19896505278048937,
            0.9999999999999999,
            0.5845363954913638
        ],
        [
            0.39929710370299626,
            0.3493809196096034,
            -0.9719339693371757,
            -0.27087509917916325,
            0.5599364651419043,
            0.5845363954913638,
            1.0
        ]
    ],
    "9": [
        [
            1.0,
            0.7103431988980408,
            -0.8565793232085218,
            -0.35914382174528015,
            0.8697679303043307,
            0.9364431825871892,
            0.8913053153121883
        ],
        [
            0.7103431988980408,
            1.0,
            -0.37769189705792877,
            -0.018319427281839915,
            0.4080006260033912,
            0.5829082042931539,
            0.4157706977709784
        ],
        [
            -0.8565793232085218,
            -0.37769189705792877,
            1.0,
            0.3375653517265051,
            -0.9906742712049721,
            -0.7419255075254452,
            -0.9923455864486957
        ],
        [
            -0.35914382174528015,
            -0.018319427281839915,
            0.3375653517265051,
            0.9999999999999999,
            -0.34326793813521367,
            -0.38987615885645477,
            -0.3555216516649886
        ],
        [
            0.8697679303043307,
            0.4080006260033912,
            -0.9906742712049721,
            -0.34326793813521367,
            1.0,
            0.7334087926223487,
            0.9749123467314879
        ],
        [
            0.9364431825871892,
            0.5829082042931539,
            -0.7419255075254452,
            -0.38987615885645477,
            0.7334087926223487,
            0.9999999999999999,
            0.8082785860209022
        ],
        [
            0.8913053153121883,
            0.4157706977709784,
            -0.9923455864486957,
            -0.3555216516649886,
            0.9749123467314879,
            0.8082785860209022,
            0.9999999999999999
        ]
    ],
    "10": [
        [
            1.0,
            -1,
            -1,
            -0.23094047236745546,
            -1,
            -1,
            -1
        ],
        [
            -1,
            -1,
            -1,
            -1,
            -1,
            -1,
            -1
        ],
        [
            -1,
            -1,
            -1,
            -1,
            -1,
            -1,
            -1
        ],
        [
            -0.23094047236745546,
            -1,
            -1,
            1.0,
            -1,
            -1,
            -1
        ],
        [
            -1,
            -1,
            -1,
            -1,
            -1,
            -1,
            -1
        ],
        [
            -1,
            -1,
            -1,
            -1,
            -1,
            -1,
            -1
        ],
        [
            -1,
            -1,
            -1,
            -1,
            -1,
            -1,
            -1
        ]
    ],
    "11": [
        [
            1.0,
            0.8530690042732073,
            0.14689017716947003,
            -0.46661538292116184,
            0.007500743536063382,
            0.8932853036574364,
            -0.044642391964953065
        ],
        [
            0.8530690042732073,
            1.0,
            0.1934673402278797,
            -0.5905959940902354,
            0.08003243056826168,
            0.749349111088466,
            -0.1189355559126053
        ],
        [
            0.14689017716947003,
            0.1934673402278797,
            1.0,
            0.2007757086163107,
            -0.5449750476243198,
            0.07670410492940388,
            -0.9902873363026222
        ],
        [
            -0.46661538292116184,
            -0.5905959940902354,
            0.2007757086163107,
            1.0,
            -0.10002915487802873,
            -0.5377793877498208,
            -0.2336440367005779
        ],
        [
            0.007500743536063382,
            0.08003243056826168,
            -0.5449750476243198,
            -0.10002915487802873,
            1.0,
            -0.057449942428023176,
            0.5869671691944996
        ],
        [
            0.8932853036574364,
            0.749349111088466,
            0.07670410492940388,
            -0.5377793877498208,
            -0.057449942428023176,
            1.0,
            0.023646423297190296
        ],
        [
            -0.044642391964953065,
            -0.1189355559126053,
            -0.9902873363026222,
            -0.2336440367005779,
            0.5869671691944996,
            0.023646423297190296,
            1.0
        ]
    ],
    "12": [
        [
            1.0,
            -1,
            -1,
            -0.3484949293991185,
            -1,
            -1,
            -1
        ],
        [
            -1,
            -1,
            -1,
            -1,
            -1,
            -1,
            -1
        ],
        [
            -1,
            -1,
            -1,
            -1,
            -1,
            -1,
            -1
        ],
        [
            -0.3484949293991185,
            -1,
            -1,
            1.0,
            -1,
            -1,
            -1
        ],
        [
            -1,
            -1,
            -1,
            -1,
            -1,
            -1,
            -1
        ],
        [
            -1,
            -1,
            -1,
            -1,
            -1,
            -1,
            -1
        ],
        [
            -1,
            -1,
            -1,
            -1,
            -1,
            -1,
            -1
        ]
    ],
    "13": [
        [
            0.9999999999999999,
            0.48800987807204527,
            0.429002347548632,
            -0.45375099660842105,
            0.011358309581738155,
            0.795995067328964,
            -0.0254054386799736
        ],
        [
            0.48800987807204527,
            1.0,
            0.19474420902236178,
            -0.24654243327374822,
            0.049784202880596214,
            0.3519703396797248,
            -0.016134724108620754
        ],
        [
            0.429002347548632,
            0.19474420902236178,
            1.0,
            0.09387974192293505,
            -0.1431874992189363,
            0.18254037521216257,
            -0.8494547868006758
        ],
        [
            -0.45375099660842105,
            -0.24654243327374822,
            0.09387974192293505,
            1.0,
            -0.19036081333359137,
            -0.5385798285163158,
            -0.23051300962505536
        ],
        [
            0.011358309581738155,
            0.049784202880596214,
            -0.1431874992189363,
            -0.19036081333359137,
            1.0,
            0.1006681510525923,
            0.1817106644772995
        ],
        [
            0.795995067328964,
            0.3519703396797248,
            0.18254037521216257,
            -0.5385798285163158,
            0.1006681510525923,
            1.0,
            0.07566747495686653
        ],
        [
            -0.0254054386799736,
            -0.016134724108620754,
            -0.8494547868006758,
            -0.23051300962505536,
            0.1817106644772995,
            0.07566747495686653,
            1.0
        ]
    ],
    "14": [
        [
            1.0,
            0.8314999141414574,
            0.1828357311402713,
            -0.3701677816574852,
            0.02785767240922255,
            0.8573092787890487,
            0.015553827105050936
        ],
        [
            0.8314999141414574,
            1.0,
            0.10426036539457295,
            -0.29802423417800716,
            0.05917509663249817,
            0.711733188570092,
            0.04460146950406801
        ],
        [
            0.1828357311402713,
            0.10426036539457295,
            1.0,
            0.1570707509205302,
            -0.9197634057560917,
            0.16909128027897527,
            -0.9677157244257176
        ],
        [
            -0.3701677816574852,
            -0.29802423417800716,
            0.1570707509205302,
            1.0,
            -0.2063173687834667,
            -0.3338682386071413,
            -0.22686895714227087
        ],
        [
            0.02785767240922255,
            0.05917509663249817,
            -0.9197634057560917,
            -0.2063173687834667,
            1.0,
            0.06124101403403463,
            0.9404430047398031
        ],
        [
            0.8573092787890487,
            0.711733188570092,
            0.16909128027897527,
            -0.3338682386071413,
            0.06124101403403463,
            1.0,
            0.07878788021493337
        ],
        [
            0.015553827105050936,
            0.04460146950406801,
            -0.9677157244257176,
            -0.22686895714227087,
            0.9404430047398031,
            0.07878788021493337,
            1.0
        ]
    ],
    "15": [
        [
            1.0,
            0.6425292567179598,
            -0.18416113596325662,
            -0.833237718317613,
            0.7048598235279774,
            0.7248642687546821,
            0.9483736744054233
        ],
        [
            0.6425292567179598,
            1.0,
            -0.22526415046621473,
            -0.3375286375712158,
            0.5214263376415519,
            0.6256919744101939,
            0.5643247024006638
        ],
        [
            -0.18416113596325662,
            -0.22526415046621473,
            1.0,
            0.20483615523130255,
            -0.8144353158694089,
            0.3140137627223886,
            -0.3477952136155519
        ],
        [
            -0.833237718317613,
            -0.3375286375712158,
            0.20483615523130255,
            1.0,
            -0.6236487590946627,
            -0.5125718954671777,
            -0.8180240077742365
        ],
        [
            0.7048598235279774,
            0.5214263376415519,
            -0.8144353158694089,
            -0.6236487590946627,
            1.0,
            0.13266998295013566,
            0.8254075235193862
        ],
        [
            0.7248642687546821,
            0.6256919744101939,
            0.3140137627223886,
            -0.5125718954671777,
            0.13266998295013566,
            1.0,
            0.474698333683732
        ],
        [
            0.9483736744054233,
            0.5643247024006638,
            -0.3477952136155519,
            -0.8180240077742365,
            0.8254075235193862,
            0.474698333683732,
            0.9999999999999999
        ]
    ],
    "16": [
        [
            1.0,
            0.7310395930099755,
            -0.7571203444980771,
            -0.5108268143290858,
            0.778232686277207,
            0.9468704813453268,
            0.8110641865764305
        ],
        [
            0.7310395930099755,
            1.0,
            -0.39399400188339323,
            -0.30551142534357956,
            0.4181201325952737,
            0.6635085267992207,
            0.3957497725897808
        ],
        [
            -0.7571203444980771,
            -0.39399400188339323,
            0.9999999999999998,
            0.24624552006063768,
            -0.9978414644063687,
            -0.6065345031480912,
            -0.9425884793619131
        ],
        [
            -0.5108268143290858,
            -0.30551142534357956,
            0.24624552006063768,
            1.0,
            -0.2540125735239312,
            -0.46824262858922894,
            -0.2835773013948208
        ],
        [
            0.778232686277207,
            0.4181201325952737,
            -0.9978414644063687,
            -0.2540125735239312,
            0.9999999999999998,
            0.6340168173863506,
            0.9400792990606367
        ],
        [
            0.9468704813453268,
            0.6635085267992207,
            -0.6065345031480912,
            -0.46824262858922894,
            0.6340168173863506,
            1.0,
            0.7431897951847771
        ],
        [
            0.8110641865764305,
            0.3957497725897808,
            -0.9425884793619131,
            -0.2835773013948208,
            0.9400792990606367,
            0.7431897951847771,
            1.0
        ]
    ],
    "17": [
        [
            1.0,
            0.5269960309730936,
            0.09957195341019691,
            -0.3606345425210672,
            -0.08268756497756329,
            0.7833449016168136,
            0.03357394828159475
        ],
        [
            0.5269960309730936,
            1.0,
            -0.15265244862025898,
            0.0006811798115158587,
            -0.10593534556820071,
            0.36474257613026734,
            0.33969531916060064
        ],
        [
            0.09957195341019691,
            -0.15265244862025898,
            1.0,
            0.1522143143192362,
            -0.45559489112728335,
            0.07140089814157305,
            -0.7919326876449196
        ],
        [
            -0.3606345425210672,
            0.0006811798115158587,
            0.1522143143192362,
            0.9999999999999998,
            0.08297836166838528,
            -0.6695598693347373,
            -0.23050587241610426
        ],
        [
            -0.08268756497756329,
            -0.10593534556820071,
            -0.45559489112728335,
            0.08297836166838528,
            1.0,
            -0.25866937047654137,
            -0.12292969470393181
        ],
        [
            0.7833449016168136,
            0.36474257613026734,
            0.07140089814157305,
            -0.6695598693347373,
            -0.25866937047654137,
            1.0,
            0.19856521788213177
        ],
        [
            0.03357394828159475,
            0.33969531916060064,
            -0.7919326876449196,
            -0.23050587241610426,
            -0.12292969470393181,
            0.19856521788213177,
            0.9999999999999998
        ]
    ],
    "18": [
        [
            1.0,
            0.6170669675138087,
            0.049305419223837264,
            -0.38523232478652036,
            0.06294880705597772,
            0.828801761701576,
            0.07776427154677695
        ],
        [
            0.6170669675138087,
            1.0,
            -0.06397023461535525,
            -0.16563265416944248,
            0.12395520038468644,
            0.3191203200295867,
            0.1269842100716798
        ],
        [
            0.049305419223837264,
            -0.06397023461535525,
            1.0,
            0.1740225638970157,
            -0.9480212290836114,
            -0.06946852051446108,
            -0.9048983704453716
        ],
        [
            -0.38523232478652036,
            -0.16563265416944248,
            0.1740225638970157,
            1.0,
            -0.228477451332757,
            -0.5158547811027806,
            -0.22893156542939544
        ],
        [
            0.06294880705597772,
            0.12395520038468644,
            -0.9480212290836114,
            -0.228477451332757,
            0.9999999999999999,
            0.09639879695779444,
            0.7945742943822026
        ],
        [
            0.828801761701576,
            0.3191203200295867,
            -0.06946852051446108,
            -0.5158547811027806,
            0.09639879695779444,
            1.0,
            0.26905727100336013
        ],
        [
            0.07776427154677695,
            0.1269842100716798,
            -0.9048983704453716,
            -0.22893156542939544,
            0.7945742943822026,
            0.26905727100336013,
            0.9999999999999998
        ]
    ],
    "19": [
        [
            1.0,
            0.43140555979121836,
            -0.1757797168928881,
            -0.3590116219111534,
            0.30591164066747417,
            0.817688815158103,
            0.3357499326483101
        ],
        [
            0.43140555979121836,
            1.0,
            -0.07727990205022617,
            0.040758690026795164,
            0.11661456371726747,
            0.41373153288918074,
            0.11858566521831669
        ],
        [
            -0.1757797168928881,
            -0.07727990205022617,
            1.0,
            0.1608060156029674,
            -0.9488462972835633,
            -0.06788159837272703,
            -0.8646301503527253
        ],
        [
            -0.3590116219111534,
            0.040758690026795164,
            0.1608060156029674,
            0.9999999999999999,
            -0.18381223178608477,
            -0.2986566323794587,
            -0.22984318302168125
        ],
        [
            0.30591164066747417,
            0.11661456371726747,
            -0.9488462972835633,
            -0.18381223178608477,
            1.0,
            0.3243342251787664,
            0.9515104953377731
        ],
        [
            0.817688815158103,
            0.41373153288918074,
            -0.06788159837272703,
            -0.2986566323794587,
            0.3243342251787664,
            1.0,
            0.4485433823707234
        ],
        [
            0.3357499326483101,
            0.11858566521831669,
            -0.8646301503527253,
            -0.22984318302168125,
            0.9515104953377731,
            0.4485433823707234,
            1.0
        ]
    ],
    "20": [
        [
            1.0,
            0.6229419804016219,
            -0.024240924148506003,
            -0.38509504087398383,
            0.05964949222527499,
            0.809032615067839,
            0.07340423493010191
        ],
        [
            0.6229419804016219,
            1.0,
            -0.07264161843323627,
            -0.16195260591776992,
            0.06277165106576177,
            0.5596765510346763,
            0.08988228301639573
        ],
        [
            -0.024240924148506003,
            -0.07264161843323627,
            1.0,
            0.24536724037474927,
            -0.7391141361956498,
            -0.28098802309071585,
            -0.9152070064504647
        ],
        [
            -0.38509504087398383,
            -0.16195260591776992,
            0.24536724037474927,
            0.9999999999999999,
            -0.26012494485989,
            -0.39818471556051205,
            -0.27756889642797117
        ],
        [
            0.05964949222527499,
            0.06277165106576177,
            -0.7391141361956498,
            -0.26012494485989,
            1.0,
            0.5236973901493278,
            0.9465543188118194
        ],
        [
            0.809032615067839,
            0.5596765510346763,
            -0.28098802309071585,
            -0.39818471556051205,
            0.5236973901493278,
            1.0,
            0.47186749480778606
        ],
        [
            0.07340423493010191,
            0.08988228301639573,
            -0.9152070064504647,
            -0.27756889642797117,
            0.9465543188118194,
            0.47186749480778606,
            1.0
        ]
    ],
    "21": [
        [
            1.0,
            0.8443405046320253,
            0.3754526962189028,
            -0.4700864195947205,
            -0.008968473791615321,
            0.9171794912113165,
            -0.0567982008893846
        ],
        [
            0.8443405046320253,
            1.0,
            0.31781193086153003,
            -0.5431077338226488,
            -0.007013436611396097,
            0.6646024113720813,
            -0.07161452782430326
        ],
        [
            0.3754526962189028,
            0.31781193086153003,
            1.0,
            0.08609197085757868,
            -0.7254598898668717,
            0.345808079209721,
            -0.9303496863205885
        ],
        [
            -0.4700864195947205,
            -0.5431077338226488,
            0.08609197085757868,
            0.9999999999999999,
            -0.12868059859662148,
            -0.5773046550466591,
            -0.22989000035115711
        ],
        [
            -0.008968473791615321,
            -0.007013436611396097,
            -0.7254598898668717,
            -0.12868059859662148,
            1.0,
            -0.017026129515777606,
            0.6893133448775904
        ],
        [
            0.9171794912113165,
            0.6646024113720813,
            0.345808079209721,
            -0.5773046550466591,
            -0.017026129515777606,
            1.0,
            -0.05322093241597905
        ],
        [
            -0.0567982008893846,
            -0.07161452782430326,
            -0.9303496863205885,
            -0.22989000035115711,
            0.6893133448775904,
            -0.05322093241597905,
            1.0
        ]
    ],
    "22": [
        [
            1.0,
            0.4938287166847592,
            0.16908101789473415,
            -0.5261519622240977,
            0.11930391868913141,
            0.8459274842082696,
            0.1757186322625057
        ],
        [
            0.4938287166847592,
            1.0,
            0.10486616906931719,
            -0.22963886095954505,
            0.012843787066744765,
            0.1436539634411387,
            0.0768377146521287
        ],
        [
            0.16908101789473415,
            0.10486616906931719,
            1.0,
            0.16218794275595863,
            -0.7704230168062329,
            0.0846447354511482,
            -0.9159571562953399
        ],
        [
            -0.5261519622240977,
            -0.22963886095954505,
            0.16218794275595863,
            1.0,
            -0.2878668963773867,
            -0.6207247319699453,
            -0.2997237727860927
        ],
        [
            0.11930391868913141,
            0.012843787066744765,
            -0.7704230168062329,
            -0.2878668963773867,
            1.0,
            0.30654461039774944,
            0.895355746130756
        ],
        [
            0.8459274842082696,
            0.1436539634411387,
            0.0846447354511482,
            -0.6207247319699453,
            0.30654461039774944,
            1.0,
            0.23333447072769364
        ],
        [
            0.1757186322625057,
            0.0768377146521287,
            -0.9159571562953399,
            -0.2997237727860927,
            0.895355746130756,
            0.23333447072769364,
            1.0
        ]
    ],
    "23": [
        [
            1.0,
            0.5517125484845107,
            0.12399460952185296,
            -0.3782409320335536,
            -0.01753932848177083,
            0.8988872955386795,
            0.06010930220714648
        ],
        [
            0.5517125484845107,
            0.9999999999999999,
            -0.016775054083553873,
            -0.05552132243170033,
            0.16915041287280203,
            0.3772704118674674,
            0.08424616083789821
        ],
        [
            0.12399460952185296,
            -0.016775054083553873,
            1.0,
            0.18057742039964972,
            -0.07111612509199286,
            -0.10314166726394754,
            -0.9770283264999061
        ],
        [
            -0.3782409320335536,
            -0.05552132243170033,
            0.18057742039964972,
            1.0,
            -0.10030582887818332,
            -0.36438395238668464,
            -0.23277174776015583
        ],
        [
            -0.01753932848177083,
            0.16915041287280203,
            -0.07111612509199286,
            -0.10030582887818332,
            1.0,
            -0.29290120682338444,
            -0.009076743665382705
        ],
        [
            0.8988872955386795,
            0.3772704118674674,
            -0.10314166726394754,
            -0.36438395238668464,
            -0.29290120682338444,
            0.9999999999999998,
            0.30795521764515044
        ],
        [
            0.06010930220714648,
            0.08424616083789821,
            -0.9770283264999061,
            -0.23277174776015583,
            -0.009076743665382705,
            0.30795521764515044,
            1.0
        ]
    ],
    "24": [
        [
            1.0,
            0.5177576939565892,
            -0.05783021182906956,
            -0.44565316248201914,
            0.371584036252158,
            0.6994431049734973,
            0.37042158726386154
        ],
        [
            0.5177576939565892,
            1.0,
            -0.2915627893287396,
            -0.184755703628142,
            0.608588504953059,
            0.7047838481705844,
            0.5766467878506352
        ],
        [
            -0.05783021182906956,
            -0.2915627893287396,
            1.0,
            0.26331676217321687,
            -0.8928935048414929,
            0.032935109257693586,
            -0.9241042847718934
        ],
        [
            -0.44565316248201914,
            -0.184755703628142,
            0.26331676217321687,
            1.0,
            -0.3509965562228048,
            -0.4212140592113687,
            -0.351724790526713
        ],
        [
            0.371584036252158,
            0.608588504953059,
            -0.8928935048414929,
            -0.3509965562228048,
